4294967294,5
4294967293,131
4294967293,130
4294967293,129
4294967293,128
4294967293,127
4294967293,126
4294967293,125
4294967293,124
4294967293,123
4294967293,122
4294967293,121
4294967293,120
4294967293,119
4294967293,118
4294967293,117
4294967293,116
4294967293,115
4294967293,114
4294967293,113
4294967293,112
4294967293,111
4294967293,110
4294967293,109
4294967293,108
4294967293,107
4294967293,106
4294967293,105
4294967293,104
4294967293,103
4294967293,102
4294967293,101
4294967293,100
4294967293,99
4294967293,98
4294967293,97
4294967293,96
4294967293,95
4294967293,94
4294967293,93
4294967293,92
4294967293,91
4294967293,90
4294967293,89
4294967293,87
4294967293,86
4294967293,85
4294967293,84
4294967293,83
4294967293,82
4294967293,81
4294967293,80
4294967293,79
4294967293,78
4294967293,77
4294967293,76
4294967293,75
4294967293,74
4294967293,73
4294967293,72
4294967293,71
4294967293,70
4294967293,69
4294967293,68
4294967293,67
4294967293,66
4294967293,65
4294967293,64
4294967293,63
4294967293,62
4294967293,61
4294967293,60
4294967293,59
4294967293,58
4294967293,57
4294967293,56
4294967293,55
4294967293,54
4294967293,53
4294967293,52
4294967293,51
4294967293,50
4294967293,49
4294967293,48
4294967293,47
4294967293,46
4294967293,45
4294967293,44
4294967293,43
4294967293,42
4294967293,41
4294967293,40
4294967293,39
4294967293,38
4294967293,37
4294967293,36
4294967293,35
4294967293,34
4294967293,33
4294967293,32
4294967293,31
4294967293,30
4294967293,29
4294967293,28
4294967293,27
4294967293,26
4294967293,25
4294967293,24
4294967293,23
4294967293,22
4294967293,21
4294967293,20
4294967293,19
4294967293,18
4294967293,17
4294967293,16
4294967293,15
4294967293,14
4294967293,13
4294967293,12
4294967293,11
4294967293,10
4294967293,9
4294967293,8
4294967293,7
4294967293,6
4294967293,5
4294967293,4
4294967293,3
4294967278,649
4294967278,132
4294967278,647
4294967278,128
4294967278,645
4294967278,127
4294967278,305
4294967278,122
4294967278,358
4294967278,120
4294967278,309
4294967278,117
4294967278,415
4294967278,114
4294967278,402
4294967278,112
4294967278,299
4294967278,111
4294967278,257
4294967278,108
4294967278,354
4294967278,107
4294967278,418
4294967278,106
4294967278,413
4294967278,105
4294967278,651
4294967278,104
4294967278,424
4294967278,103
4294967278,658
4294967278,323
4294967278,102
4294967278,665
4294967278,304
4294967278,101
4294967278,247
4294967278,100
4294967278,315
4294967278,99
4294967278,302
4294967278,98
4294967278,575
4294967278,97
4294967278,650
4294967278,96
4294967278,301
4294967278,95
4294967278,648
4294967278,94
4294967278,661
4294967278,93
4294967278,641
4294967278,91
4294967278,233
4294967278,90
4294967278,298
4294967278,87
4294967278,322
4294967278,86
4294967278,572
4294967278,85
4294967278,235
4294967278,82
4294967278,664
4294967278,314
4294967278,81
4294967278,231
4294967278,80
4294967278,225
4294967278,76
4294967278,440
4294967278,74
4294967278,399
4294967278,73
4294967278,439
4294967278,72
4294967278,663
4294967278,313
4294967278,71
4294967278,662
4294967278,433
4294967278,65
4294967278,657
4294967278,640
4294967278,52
4294967278,51
4294967278,50
4294967278,49
4294967278,35
4294967278,34
4294967278,32
4294967278,31
4294967278,29
4294967278,28
4294967278,27
4294967278,26
4294967278,25
4294967278,24
4294967278,23
4294967278,22
4294967278,21
4294967278,660
4294967278,20
4294967278,19
4294967278,18
4294967278,17
4294967278,16
4294967278,15
4294967278,14
4294967278,13
4294967278,12
4294967278,11
4294967278,10
4294967278,659
4294967278,260
4294967278,9
4294967278,8
4294967278,7
4294967278,6
4294967278,5
4294967278,174
4294967278,2
4294967278,656
4294967278,0
4294967278,368
4294967278,4
4294967279,132
4294967279,131
4294967279,130
4294967279,129
4294967279,128
4294967279,127
4294967279,126
4294967279,125
4294967279,124
4294967279,123
4294967279,122
4294967279,121
4294967279,120
4294967279,119
4294967279,118
4294967279,117
4294967279,116
4294967279,115
4294967279,114
4294967279,113
4294967279,112
4294967279,111
4294967279,110
4294967279,109
4294967279,108
4294967279,107
4294967279,106
4294967279,105
4294967279,104
4294967279,103
4294967279,102
4294967279,101
4294967279,100
4294967279,312
4294967279,99
4294967279,98
4294967279,97
4294967279,96
4294967279,95
4294967279,94
4294967279,93
4294967279,92
4294967279,311
4294967279,91
4294967279,90
4294967279,308
4294967279,89
4294967279,87
4294967279,86
4294967279,85
4294967279,276
4294967279,307
4294967279,321
4294967279,306
4294967279,319
4294967279,75
4294967279,74
4294967279,318
4294967279,73
4294967279,317
4294967279,72
4294967279,304
4294967279,70
4294967279,69
4294967279,67
4294967279,66
4294967279,64
4294967279,303
4294967279,63
4294967279,302
4294967279,62
4294967279,316
4294967279,61
4294967279,301
4294967279,59
4294967279,300
4294967279,299
4294967279,56
4294967279,298
4294967279,55
4294967279,315
4294967279,50
4294967279,49
4294967279,297
4294967279,43
4294967279,314
4294967279,283
4294967279,36
4294967279,33
4294967279,32
4294967279,545
4294967279,282
4294967279,28
4294967279,26
4294967279,24
4294967279,23
4294967279,22
4294967279,278
4294967279,21
4294967279,19
4294967279,18
4294967279,17
4294967279,16
4294967279,313
4294967279,14
4294967279,13
4294967279,12
4294967279,11
4294967279,347
4294967279,440
4294967279,9
4294967279,8
4294967279,7
4294967279,6
4294967279,0
4294967279,260
4294967279,385
4294967279,4
4294967294,46
4294967294,1536
4294967294,1193
4294967294,1229
4294967294,431
4294967294,425
4294967294,1226
4294967294,426
4294967294,1271
4294967294,972
4294967294,971
4294967294,969
4294967294,968
4294967294,8
4294967294,9
4294967294,92
4294967294,91
4294967294,90
4294967294,88
4294967294,87
4294967294,86
4294967294,85
4294967294,84
4294967294,980
4294967294,82
4294967294,83
4294967294,106
4294967294,107
4294967294,232
4294967294,231
4294967294,230
4294967294,229
4294967294,228
4294967294,227
4294967294,226
4294967294,225
4294967294,154
4294967294,224
4294967294,223
4294967294,222
4294967294,221
4294967294,220
4294967294,219
4294967294,218
4294967294,217
4294967294,216
4294967294,215
4294967294,214
4294967294,213
4294967294,212
4294967294,211
4294967294,210
4294967294,209
4294967294,208
4294967294,207
4294967294,206
4294967294,205
4294967294,204
4294967294,203
4294967294,202
4294967294,201
4294967294,200
4294967294,199
4294967294,198
4294967294,197
4294967294,196
4294967294,195
4294967294,194
4294967294,193
4294967294,192
4294967294,831
4294967294,830
4294967294,829
4294967294,828
4294967294,827
4294967294,826
4294967294,150
4294967294,825
4294967294,824
4294967294,823
4294967294,822
4294967294,821
4294967294,820
4294967294,819
4294967294,818
4294967294,817
4294967294,816
4294967294,815
4294967294,814
4294967294,813
4294967294,812
4294967294,811
4294967294,810
4294967294,809
4294967294,808
4294967294,807
4294967294,806
4294967294,805
4294967294,804
4294967294,803
4294967294,802
4294967294,801
4294967294,800
4294967294,799
4294967294,798
4294967294,797
4294967294,796
4294967294,795
4294967294,794
4294967294,257
4294967294,793
4294967294,792
4294967294,791
4294967294,790
4294967294,789
4294967294,788
4294967294,430
4294967294,787
4294967294,147
4294967294,786
4294967294,785
4294967294,1207
4294967294,784
4294967294,783
4294967294,782
4294967294,781
4294967294,780
4294967294,779
4294967294,778
4294967294,777
4294967294,776
4294967294,775
4294967294,774
4294967294,773
4294967294,772
4294967294,771
4294967294,770
4294967294,407
4294967294,769
4294967294,768
4294967294,767
4294967294,766
4294967294,765
4294967294,764
4294967294,763
4294967294,762
4294967294,761
4294967294,760
4294967294,759
4294967294,758
4294967294,757
4294967294,756
4294967294,755
4294967294,754
4294967294,753
4294967294,752
4294967294,751
4294967294,1093
4294967294,749
4294967294,155
4294967294,748
4294967294,746
4294967294,745
4294967294,744
4294967294,743
4294967294,742
4294967294,741
4294967294,740
4294967294,739
4294967294,738
4294967294,737
4294967294,736
4294967294,735
4294967294,734
4294967294,733
4294967294,732
4294967294,731
4294967294,730
4294967294,729
4294967294,728
4294967294,727
4294967294,726
4294967294,725
4294967294,724
4294967294,723
4294967294,722
4294967294,721
4294967294,720
4294967294,152
4294967294,719
4294967294,144
4294967294,718
4294967294,142
4294967294,717
